{"metadata":{"kernelspec":{"language":"python","display_name":"Python 3","name":"python3"},"language_info":{"name":"python","version":"3.7.12","mimetype":"text/x-python","codemirror_mode":{"name":"ipython","version":3},"pygments_lexer":"ipython3","nbconvert_exporter":"python","file_extension":".py"}},"nbformat_minor":4,"nbformat":4,"cells":[{"cell_type":"markdown","source":"# Load Libraries and Data","metadata":{}},{"cell_type":"code","source":"import numpy as np \nimport pandas as pd\npd.set_option('display.max_columns', 500)\npd.set_option('display.width', 1000)\nimport os, gc, re, warnings\nwarnings.filterwarnings(\"ignore\")","metadata":{"_uuid":"8f2839f25d086af736a60e9eeb907d3b93b6e0e5","_cell_guid":"b1076dfc-b9ad-4769-8c92-a6c4dae69d19","execution":{"iopub.status.busy":"2022-09-28T15:41:34.092335Z","iopub.execute_input":"2022-09-28T15:41:34.093340Z","iopub.status.idle":"2022-09-28T15:41:34.122592Z","shell.execute_reply.started":"2022-09-28T15:41:34.093232Z","shell.execute_reply":"2022-09-28T15:41:34.121724Z"},"trusted":true},"execution_count":1,"outputs":[]},{"cell_type":"code","source":"# ====================================================\n# Data Loading\n# ====================================================\ndf_issues_train = pd.read_csv('../input/agu-comp/train_issues.csv')\ndf_comment_train = pd.read_csv(\"../input/agu-comp/train_comments.csv\")\ndf_employees = pd.read_csv(\"../input/agu-comp/employees.csv\")\n\ndf_issues_test = pd.read_csv('../input/agu-comp/test_issues.csv')\ndf_comment_test = pd.read_csv(\"../input/agu-comp/test_comments.csv\")\n\nprint(f\"train.shape: {df_issues_train.shape}\")\ndisplay(df_issues_train.head())\ndisplay(df_comment_train.head())\ndisplay(df_employees.head())","metadata":{"execution":{"iopub.status.busy":"2022-09-28T15:41:34.124349Z","iopub.execute_input":"2022-09-28T15:41:34.124787Z","iopub.status.idle":"2022-09-28T15:41:34.362165Z","shell.execute_reply.started":"2022-09-28T15:41:34.124753Z","shell.execute_reply":"2022-09-28T15:41:34.361176Z"},"trusted":true},"execution_count":2,"outputs":[{"name":"stdout","text":"train.shape: (9589, 8)\n","output_type":"stream"},{"output_type":"display_data","data":{"text/plain":"       id                  created       key                                  summary  project_id  assignee_id  creator_id  overall_worklogs\n0  819952  2019-10-01 05:57:18.000  SM-10678        UI тесты по заказу \"Добро КейДжи\"           5           93          93              1800\n1  819949  2019-10-01 05:59:45.000  SM-10679               UI тесты раздела \"Профиль\"           5           93          93              7200\n2  819947  2019-10-01 06:00:38.000  SM-10680           UI тесты раздела \"Личный счет\"           5           93          93             14400\n3  819943  2019-10-01 06:02:49.000  SM-10682               UI тесты раздела \"Новости\"           5           93          93               900\n4  819941  2019-10-01 06:03:26.000  SM-10683  UI тесты раздела \"Зоны скидок и доплат\"           5           93          93               900","text/html":"<div>\n<style scoped>\n    .dataframe tbody tr th:only-of-type {\n        vertical-align: middle;\n    }\n\n    .dataframe tbody tr th {\n        vertical-align: top;\n    }\n\n    .dataframe thead th {\n        text-align: right;\n    }\n</style>\n<table border=\"1\" class=\"dataframe\">\n  <thead>\n    <tr style=\"text-align: right;\">\n      <th></th>\n      <th>id</th>\n      <th>created</th>\n      <th>key</th>\n      <th>summary</th>\n      <th>project_id</th>\n      <th>assignee_id</th>\n      <th>creator_id</th>\n      <th>overall_worklogs</th>\n    </tr>\n  </thead>\n  <tbody>\n    <tr>\n      <th>0</th>\n      <td>819952</td>\n      <td>2019-10-01 05:57:18.000</td>\n      <td>SM-10678</td>\n      <td>UI тесты по заказу \"Добро КейДжи\"</td>\n      <td>5</td>\n      <td>93</td>\n      <td>93</td>\n      <td>1800</td>\n    </tr>\n    <tr>\n      <th>1</th>\n      <td>819949</td>\n      <td>2019-10-01 05:59:45.000</td>\n      <td>SM-10679</td>\n      <td>UI тесты раздела \"Профиль\"</td>\n      <td>5</td>\n      <td>93</td>\n      <td>93</td>\n      <td>7200</td>\n    </tr>\n    <tr>\n      <th>2</th>\n      <td>819947</td>\n      <td>2019-10-01 06:00:38.000</td>\n      <td>SM-10680</td>\n      <td>UI тесты раздела \"Личный счет\"</td>\n      <td>5</td>\n      <td>93</td>\n      <td>93</td>\n      <td>14400</td>\n    </tr>\n    <tr>\n      <th>3</th>\n      <td>819943</td>\n      <td>2019-10-01 06:02:49.000</td>\n      <td>SM-10682</td>\n      <td>UI тесты раздела \"Новости\"</td>\n      <td>5</td>\n      <td>93</td>\n      <td>93</td>\n      <td>900</td>\n    </tr>\n    <tr>\n      <th>4</th>\n      <td>819941</td>\n      <td>2019-10-01 06:03:26.000</td>\n      <td>SM-10683</td>\n      <td>UI тесты раздела \"Зоны скидок и доплат\"</td>\n      <td>5</td>\n      <td>93</td>\n      <td>93</td>\n      <td>900</td>\n    </tr>\n  </tbody>\n</table>\n</div>"},"metadata":{}},{"output_type":"display_data","data":{"text/plain":"   comment_id                                               text  issue_id  author_id\n0       11779  [https://www.youtube.com/watch?v=tuhOdtsvoNY|h...    669666          1\n1       10601  OK [~accountid:557058:3f7ab89a-8969-4547-90df-...    669670          1\n2       76101  I encountered a problem with access to `/users...    670930          2\n3       76102  I have learned that `users/:id/emails` endpoin...    670930          2\n4       76213  We have decided with Andrew to set member's em...    670930          2","text/html":"<div>\n<style scoped>\n    .dataframe tbody tr th:only-of-type {\n        vertical-align: middle;\n    }\n\n    .dataframe tbody tr th {\n        vertical-align: top;\n    }\n\n    .dataframe thead th {\n        text-align: right;\n    }\n</style>\n<table border=\"1\" class=\"dataframe\">\n  <thead>\n    <tr style=\"text-align: right;\">\n      <th></th>\n      <th>comment_id</th>\n      <th>text</th>\n      <th>issue_id</th>\n      <th>author_id</th>\n    </tr>\n  </thead>\n  <tbody>\n    <tr>\n      <th>0</th>\n      <td>11779</td>\n      <td>[https://www.youtube.com/watch?v=tuhOdtsvoNY|h...</td>\n      <td>669666</td>\n      <td>1</td>\n    </tr>\n    <tr>\n      <th>1</th>\n      <td>10601</td>\n      <td>OK [~accountid:557058:3f7ab89a-8969-4547-90df-...</td>\n      <td>669670</td>\n      <td>1</td>\n    </tr>\n    <tr>\n      <th>2</th>\n      <td>76101</td>\n      <td>I encountered a problem with access to `/users...</td>\n      <td>670930</td>\n      <td>2</td>\n    </tr>\n    <tr>\n      <th>3</th>\n      <td>76102</td>\n      <td>I have learned that `users/:id/emails` endpoin...</td>\n      <td>670930</td>\n      <td>2</td>\n    </tr>\n    <tr>\n      <th>4</th>\n      <td>76213</td>\n      <td>We have decided with Andrew to set member's em...</td>\n      <td>670930</td>\n      <td>2</td>\n    </tr>\n  </tbody>\n</table>\n</div>"},"metadata":{}},{"output_type":"display_data","data":{"text/plain":"   id  active       full_name                          position hiring_type payment_type salary_calculation_type english_level  passport  is_nda_signed  is_labor_contract_signed  is_added_to_internal_chats  is_added_one_to_one\n0   1       1  David Courtney                               NaN         NaN          NaN                     NaN           NaN         0              0                         0                           0                    0\n1   2       0      Dan Guerra                   Web-разработчик       staff        fixed                     NaN           NaN         0              0                         0                           0                    0\n2   4       0     Grady Smith                   Web-разработчик       staff        fixed                     NaN           NaN         0              0                         0                           0                    0\n3   6       0    James Powell  Разработчик мобильных приложений       staff        fixed                     NaN           NaN         0              0                         0                           0                    0\n4   8       1      John Brown  Разработчик мобильных приложений       staff        fixed                     NaN           NaN         1              1                         1                           1                    1","text/html":"<div>\n<style scoped>\n    .dataframe tbody tr th:only-of-type {\n        vertical-align: middle;\n    }\n\n    .dataframe tbody tr th {\n        vertical-align: top;\n    }\n\n    .dataframe thead th {\n        text-align: right;\n    }\n</style>\n<table border=\"1\" class=\"dataframe\">\n  <thead>\n    <tr style=\"text-align: right;\">\n      <th></th>\n      <th>id</th>\n      <th>active</th>\n      <th>full_name</th>\n      <th>position</th>\n      <th>hiring_type</th>\n      <th>payment_type</th>\n      <th>salary_calculation_type</th>\n      <th>english_level</th>\n      <th>passport</th>\n      <th>is_nda_signed</th>\n      <th>is_labor_contract_signed</th>\n      <th>is_added_to_internal_chats</th>\n      <th>is_added_one_to_one</th>\n    </tr>\n  </thead>\n  <tbody>\n    <tr>\n      <th>0</th>\n      <td>1</td>\n      <td>1</td>\n      <td>David Courtney</td>\n      <td>NaN</td>\n      <td>NaN</td>\n      <td>NaN</td>\n      <td>NaN</td>\n      <td>NaN</td>\n      <td>0</td>\n      <td>0</td>\n      <td>0</td>\n      <td>0</td>\n      <td>0</td>\n    </tr>\n    <tr>\n      <th>1</th>\n      <td>2</td>\n      <td>0</td>\n      <td>Dan Guerra</td>\n      <td>Web-разработчик</td>\n      <td>staff</td>\n      <td>fixed</td>\n      <td>NaN</td>\n      <td>NaN</td>\n      <td>0</td>\n      <td>0</td>\n      <td>0</td>\n      <td>0</td>\n      <td>0</td>\n    </tr>\n    <tr>\n      <th>2</th>\n      <td>4</td>\n      <td>0</td>\n      <td>Grady Smith</td>\n      <td>Web-разработчик</td>\n      <td>staff</td>\n      <td>fixed</td>\n      <td>NaN</td>\n      <td>NaN</td>\n      <td>0</td>\n      <td>0</td>\n      <td>0</td>\n      <td>0</td>\n      <td>0</td>\n    </tr>\n    <tr>\n      <th>3</th>\n      <td>6</td>\n      <td>0</td>\n      <td>James Powell</td>\n      <td>Разработчик мобильных приложений</td>\n      <td>staff</td>\n      <td>fixed</td>\n      <td>NaN</td>\n      <td>NaN</td>\n      <td>0</td>\n      <td>0</td>\n      <td>0</td>\n      <td>0</td>\n      <td>0</td>\n    </tr>\n    <tr>\n      <th>4</th>\n      <td>8</td>\n      <td>1</td>\n      <td>John Brown</td>\n      <td>Разработчик мобильных приложений</td>\n      <td>staff</td>\n      <td>fixed</td>\n      <td>NaN</td>\n      <td>NaN</td>\n      <td>1</td>\n      <td>1</td>\n      <td>1</td>\n      <td>1</td>\n      <td>1</td>\n    </tr>\n  </tbody>\n</table>\n</div>"},"metadata":{}}]},{"cell_type":"code","source":"import re\n\ndef clean_and_join(txt):\n    txt = \" s \".join(txt)\n    txt = re.sub('\\xa0', ' ', txt)\n    txt = re.sub('\\n', ' ', txt)\n    txt = re.sub('\\t', ' ', txt)\n    txt = re.sub('\\r', ' ', txt)\n    txt = re.sub(r'\\[.+?\\]', ' ', txt)\n    txt = re.sub(r'!.+?!', ' ', txt)\n    txt = re.sub('http\\S+', 'URL', txt)\n    txt = re.sub(' +', ' ', txt)\n    txt = re.sub('s', '<s>', txt)\n    \n    return txt.strip()\n\ndef clean_and_join_sep(txt):\n    txt = \" s \".join(txt)\n    txt = re.sub('\\xa0', ' ', txt)\n    txt = re.sub('\\n', ' ', txt)\n    txt = re.sub('\\t', ' ', txt)\n    txt = re.sub('\\r', ' ', txt)\n    txt = re.sub(r'\\[.+?\\]', ' ', txt)\n    txt = re.sub(r'!.+?!', ' ', txt)\n    txt = re.sub('http\\S+', 'URL', txt)\n    txt = re.sub(' +', ' ', txt)\n    txt = re.sub('s', '<s>', txt)\n    \n    return txt.strip()\n\ndf_comment_train_group = df_comment_train.groupby(by='issue_id')['text'].agg(list).to_frame().reset_index()\ndf_comment_train_group['comm_authors'] = df_comment_train.groupby(by='issue_id')['author_id'].agg('nunique').to_frame().reset_index()['author_id']\ndf_comment_train_group['comment_cnt'] = df_comment_train.groupby(by='issue_id')['text'].agg('count').to_frame().reset_index()['text']\ndf_comment_train_group['text_sep'] = df_comment_train_group['text'].apply(clean_and_join_sep)\ndf_comment_train_group['text'] = df_comment_train_group['text'].apply(clean_and_join)\n\ndf_comment_test_group = df_comment_test.groupby(by='issue_id')['text'].agg(list).to_frame().reset_index()\ndf_comment_test_group['comm_authors'] = df_comment_test.groupby(by='issue_id')['author_id'].agg('nunique').to_frame().reset_index()['author_id']\ndf_comment_test_group['comment_cnt'] = df_comment_test.groupby(by='issue_id')['text'].agg('count').to_frame().reset_index()['text']\ndf_comment_test_group['text_sep'] = df_comment_test_group['text'].apply(clean_and_join_sep)\ndf_comment_test_group['text'] = df_comment_test_group['text'].apply(clean_and_join)","metadata":{"execution":{"iopub.status.busy":"2022-09-28T15:41:34.363846Z","iopub.execute_input":"2022-09-28T15:41:34.364534Z","iopub.status.idle":"2022-09-28T15:41:35.132105Z","shell.execute_reply.started":"2022-09-28T15:41:34.364496Z","shell.execute_reply":"2022-09-28T15:41:35.130896Z"},"trusted":true},"execution_count":3,"outputs":[]},{"cell_type":"code","source":"dftr = pd.merge(df_issues_train, df_comment_train_group, left_on=\"id\", right_on=\"issue_id\", how='left').reset_index(drop=True)\ndftr['comm_authors'] = dftr['comm_authors'].fillna(-1)\ndftr['text'] = dftr['text'].fillna('')\ndftr['text_sep'] = dftr['text_sep'].fillna('')\ndftr['full_text'] = '[TITLE]' + ' ' + dftr['summary'] + ' ' + '[COMMENT]' + ' ' + dftr['text']\ndftr['full_text_sep'] = '[TITLE]' + ' ' + dftr['summary'] + ' ' + '[COMMENT]' + ' ' + dftr['text_sep']\n\nduplicate_labels = dftr[dftr['full_text'].duplicated()].groupby('full_text')['overall_worklogs'].agg('mean').to_dict()\ndftr = dftr.drop_duplicates(subset='full_text').reset_index(drop=True)\n#dftr = dftr[dftr['overall_worklogs'] < np.quantile(dftr['overall_worklogs'].values, 0.99)].reset_index(drop=True)","metadata":{"execution":{"iopub.status.busy":"2022-09-28T15:41:35.134804Z","iopub.execute_input":"2022-09-28T15:41:35.135374Z","iopub.status.idle":"2022-09-28T15:41:35.230432Z","shell.execute_reply.started":"2022-09-28T15:41:35.135336Z","shell.execute_reply":"2022-09-28T15:41:35.229233Z"},"trusted":true},"execution_count":4,"outputs":[]},{"cell_type":"code","source":"new_label = []\nfor text, label in dftr[['full_text', 'overall_worklogs']].values:\n    if duplicate_labels.get(text, 0) != 0:\n        new_label.append(int(duplicate_labels[text]))\n    else:\n        new_label.append(label)\n        \ndftr['overall_worklogs'] = new_label","metadata":{"execution":{"iopub.status.busy":"2022-09-28T15:41:35.251578Z","iopub.execute_input":"2022-09-28T15:41:35.252337Z","iopub.status.idle":"2022-09-28T15:41:35.289330Z","shell.execute_reply.started":"2022-09-28T15:41:35.252300Z","shell.execute_reply":"2022-09-28T15:41:35.288198Z"},"trusted":true},"execution_count":7,"outputs":[]},{"cell_type":"code","source":"dfte = pd.merge(df_issues_test, df_comment_test_group, left_on=\"id\", right_on=\"issue_id\", how='left').reset_index(drop=True)\ndfte['comm_authors'] = dfte['comm_authors'].fillna(-1)\ndfte['text'] = dfte['text'].fillna('')\ndfte['text_sep'] = dfte['text_sep'].fillna('')\ndfte['full_text'] = '[TITLE]' + ' ' + dfte['summary'] + ' ' + '[COMMENT]' + ' ' + dfte['text']\ndfte['full_text_sep'] = '[TITLE]' + ' ' + dfte['summary'] + ' ' + '[COMMENT]' + ' ' + dfte['text_sep']","metadata":{"execution":{"iopub.status.busy":"2022-09-28T15:41:35.291152Z","iopub.execute_input":"2022-09-28T15:41:35.291815Z","iopub.status.idle":"2022-09-28T15:41:35.313642Z","shell.execute_reply.started":"2022-09-28T15:41:35.291774Z","shell.execute_reply":"2022-09-28T15:41:35.312617Z"},"trusted":true},"execution_count":8,"outputs":[]},{"cell_type":"code","source":"dftr = dftr.merge(df_employees, left_on=\"assignee_id\", right_on=\"id\", how='left')\n\ndftr[\"position\"] = dftr[\"position\"].fillna('Unknown')\ndftr[\"position\"] = pd.Categorical(dftr[\"position\"])\ndftr[\"position\"].astype('category').cat.codes\ndftr[\"position\"] = dftr[\"position\"].cat.codes\n\ndftr[\"payment_type\"] = pd.Categorical(dftr[\"payment_type\"])\ndftr[\"payment_type\"].astype('category').cat.codes\ndftr[\"payment_type\"] = dftr[\"payment_type\"].cat.codes\n\ndftr[\"hiring_type\"] = pd.Categorical(dftr[\"hiring_type\"])\ndftr[\"hiring_type\"].astype('category').cat.codes\ndftr[\"hiring_type\"] = dftr[\"hiring_type\"].cat.codes\n\ndftr[\"english_level\"] = pd.Categorical(dftr[\"english_level\"])\ndftr[\"english_level\"].astype('category').cat.codes\ndftr[\"english_level\"] = dftr[\"english_level\"].cat.codes\n\ndftr[\"salary_calculation_type\"] = pd.Categorical(dftr[\"salary_calculation_type\"])\ndftr[\"salary_calculation_type\"].astype('category').cat.codes\ndftr[\"salary_calculation_type\"] = dftr[\"salary_calculation_type\"].cat.codes","metadata":{"execution":{"iopub.status.busy":"2022-09-28T15:41:35.315258Z","iopub.execute_input":"2022-09-28T15:41:35.315979Z","iopub.status.idle":"2022-09-28T15:41:35.360209Z","shell.execute_reply.started":"2022-09-28T15:41:35.315939Z","shell.execute_reply":"2022-09-28T15:41:35.359081Z"},"trusted":true},"execution_count":9,"outputs":[]},{"cell_type":"code","source":"dfte = dfte.merge(df_employees, left_on=\"assignee_id\", right_on=\"id\", how='left')\n\ndfte[\"position\"] = dfte[\"position\"].fillna('Unknown')\ndfte[\"position\"] = pd.Categorical(dfte[\"position\"])\ndfte[\"position\"].astype('category').cat.codes\ndfte[\"position\"] = dfte[\"position\"].cat.codes\n\ndfte[\"payment_type\"] = pd.Categorical(dfte[\"payment_type\"])\ndfte[\"payment_type\"].astype('category').cat.codes\ndfte[\"payment_type\"] = dfte[\"payment_type\"].cat.codes\n\ndfte[\"hiring_type\"] = pd.Categorical(dfte[\"hiring_type\"])\ndfte[\"hiring_type\"].astype('category').cat.codes\ndfte[\"hiring_type\"] = dfte[\"hiring_type\"].cat.codes\n\ndfte[\"english_level\"] = pd.Categorical(dfte[\"english_level\"])\ndfte[\"english_level\"].astype('category').cat.codes\ndfte[\"english_level\"] = dfte[\"english_level\"].cat.codes\n\ndfte[\"salary_calculation_type\"] = pd.Categorical(dfte[\"salary_calculation_type\"])\ndfte[\"salary_calculation_type\"].astype('category').cat.codes\ndfte[\"salary_calculation_type\"] = dfte[\"salary_calculation_type\"].cat.codes","metadata":{"execution":{"iopub.status.busy":"2022-09-28T15:41:35.364918Z","iopub.execute_input":"2022-09-28T15:41:35.365630Z","iopub.status.idle":"2022-09-28T15:41:35.395030Z","shell.execute_reply.started":"2022-09-28T15:41:35.365591Z","shell.execute_reply":"2022-09-28T15:41:35.394069Z"},"trusted":true},"execution_count":10,"outputs":[]},{"cell_type":"code","source":"dftr = dftr.sort_values(by=['project_id', 'assignee_id', 'created']).reset_index(drop=True)\ndftr['created'] = pd.to_datetime(dftr['created'])\ndftr['created_date'] = dftr['created'].map(lambda x: x.strftime('%Y-%m-%d'))\ndftr['created_date_ym'] = dftr['created'].map(lambda x: x.strftime('%Y-%m'))\ndftr['week_of_year'] = dftr['created'].dt.isocalendar().week","metadata":{"execution":{"iopub.status.busy":"2022-09-28T15:41:35.396798Z","iopub.execute_input":"2022-09-28T15:41:35.397547Z","iopub.status.idle":"2022-09-28T15:41:35.635790Z","shell.execute_reply.started":"2022-09-28T15:41:35.397485Z","shell.execute_reply":"2022-09-28T15:41:35.634714Z"},"trusted":true},"execution_count":11,"outputs":[]},{"cell_type":"code","source":"dfte = dfte.sort_values(by=['project_id', 'assignee_id', 'created']).reset_index(drop=True)\ndfte['created'] = pd.to_datetime(dfte['created'])\ndfte['created_date'] = dfte['created'].map(lambda x: x.strftime('%Y-%m-%d'))\ndfte['created_date_ym'] = dfte['created'].map(lambda x: x.strftime('%Y-%m'))\ndfte['week_of_year'] = dfte['created'].dt.isocalendar().week","metadata":{"execution":{"iopub.status.busy":"2022-09-28T15:41:35.637442Z","iopub.execute_input":"2022-09-28T15:41:35.638114Z","iopub.status.idle":"2022-09-28T15:41:35.677873Z","shell.execute_reply.started":"2022-09-28T15:41:35.638078Z","shell.execute_reply":"2022-09-28T15:41:35.676743Z"},"trusted":true},"execution_count":12,"outputs":[]},{"cell_type":"code","source":"dftr['lag_1'] = (dftr['created'] - dftr.groupby(by=['project_id', 'assignee_id'])['created'].shift(1)).dt.days.fillna(0)\ndftr['lag_2'] = (dftr['created'] - dftr.groupby(by=['project_id', 'assignee_id'])['created'].shift(2)).dt.days.fillna(0)\ndftr['lag_3'] = (dftr['created'] - dftr.groupby(by=['project_id', 'assignee_id'])['created'].shift(3)).dt.days.fillna(0)","metadata":{"execution":{"iopub.status.busy":"2022-09-28T15:41:35.719715Z","iopub.execute_input":"2022-09-28T15:41:35.720239Z","iopub.status.idle":"2022-09-28T15:41:35.745138Z","shell.execute_reply.started":"2022-09-28T15:41:35.720200Z","shell.execute_reply":"2022-09-28T15:41:35.744180Z"},"trusted":true},"execution_count":15,"outputs":[]},{"cell_type":"code","source":"dfte['lag_1'] = (dfte['created'] - dfte.groupby(by=['project_id', 'assignee_id'])['created'].shift(1)).dt.days.fillna(0)\ndfte['lag_2'] = (dfte['created'] - dfte.groupby(by=['project_id', 'assignee_id'])['created'].shift(2)).dt.days.fillna(0)\ndfte['lag_3'] = (dfte['created'] - dfte.groupby(by=['project_id', 'assignee_id'])['created'].shift(3)).dt.days.fillna(0)","metadata":{"execution":{"iopub.status.busy":"2022-09-28T15:41:35.746658Z","iopub.execute_input":"2022-09-28T15:41:35.747274Z","iopub.status.idle":"2022-09-28T15:41:35.763313Z","shell.execute_reply.started":"2022-09-28T15:41:35.747236Z","shell.execute_reply":"2022-09-28T15:41:35.762079Z"},"trusted":true},"execution_count":16,"outputs":[]},{"cell_type":"code","source":"assignee_info = dftr.groupby(by='assignee_id')['lag_2'].agg('mean').rename('assignee_lag').to_frame().reset_index()\ndftr = dftr.merge(assignee_info, on='assignee_id', how='left')\n\nassignee_info = dftr.groupby(by=['project_id', 'assignee_id'])['lag_2'].agg('mean').rename('project_lag').to_frame().reset_index()\ndftr = dftr.merge(assignee_info, on=['project_id', 'assignee_id'], how='left')\n\nassignee_info = dfte.groupby(by='assignee_id')['lag_2'].agg('mean').rename('assignee_lag').to_frame().reset_index()\ndfte = dfte.merge(assignee_info, on='assignee_id', how='left')","metadata":{"execution":{"iopub.status.busy":"2022-09-28T15:41:35.765746Z","iopub.execute_input":"2022-09-28T15:41:35.766336Z","iopub.status.idle":"2022-09-28T15:41:35.822183Z","shell.execute_reply.started":"2022-09-28T15:41:35.766290Z","shell.execute_reply":"2022-09-28T15:41:35.820981Z"},"trusted":true},"execution_count":17,"outputs":[]},{"cell_type":"code","source":"assignee_info = dftr.groupby(by=['assignee_id', 'created_date'])['created_date'].agg('count').rename('day_prj').to_frame().reset_index()\ndftr = dftr.merge(assignee_info, on=[\"assignee_id\", 'created_date'], how='left')\n\nassignee_info = dftr.groupby(by=['assignee_id', 'created_date_ym'])['created_date_ym'].agg('count').rename('month_prj').to_frame().reset_index()\ndftr = dftr.merge(assignee_info, on=[\"assignee_id\", 'created_date_ym'], how='left')\n\nassignee_info = dftr.groupby(by=['assignee_id', 'week_of_year'])['week_of_year'].agg('count').rename('week_prj').to_frame().reset_index()\ndftr = dftr.merge(assignee_info, on=[\"assignee_id\", 'week_of_year'], how='left')\n\ndftr['prj_avg'] = dftr['assignee_id'].map(dftr.groupby(by='assignee_id')['day_prj'].agg('mean'))","metadata":{"execution":{"iopub.status.busy":"2022-09-28T15:41:35.824199Z","iopub.execute_input":"2022-09-28T15:41:35.824597Z","iopub.status.idle":"2022-09-28T15:41:35.900408Z","shell.execute_reply.started":"2022-09-28T15:41:35.824556Z","shell.execute_reply":"2022-09-28T15:41:35.899351Z"},"trusted":true},"execution_count":18,"outputs":[]},{"cell_type":"code","source":"assignee_info = dfte.groupby(by=['assignee_id', 'created_date'])['created_date'].agg('count').rename('day_prj').to_frame().reset_index()\ndfte = dfte.merge(assignee_info, on=[\"assignee_id\", 'created_date'], how='left')\n\nassignee_info = dfte.groupby(by=['assignee_id', 'created_date_ym'])['created_date_ym'].agg('count').rename('month_prj').to_frame().reset_index()\ndfte = dfte.merge(assignee_info, on=[\"assignee_id\", 'created_date_ym'], how='left')\n\nassignee_info = dfte.groupby(by=['assignee_id', 'week_of_year'])['week_of_year'].agg('count').rename('week_prj').to_frame().reset_index()\ndfte = dfte.merge(assignee_info, on=[\"assignee_id\", 'week_of_year'], how='left')\n\ndfte['prj_avg'] = dfte['assignee_id'].map(dfte.groupby(by='assignee_id')['day_prj'].agg('mean'))","metadata":{"execution":{"iopub.status.busy":"2022-09-28T15:41:35.901840Z","iopub.execute_input":"2022-09-28T15:41:35.902470Z","iopub.status.idle":"2022-09-28T15:41:35.951622Z","shell.execute_reply.started":"2022-09-28T15:41:35.902430Z","shell.execute_reply":"2022-09-28T15:41:35.950541Z"},"trusted":true},"execution_count":19,"outputs":[]},{"cell_type":"code","source":"dftr['created_date_rank'] = dftr.groupby(['assignee_id', 'created_date'])['created_date'].rank(pct=True)\ndftr['created_date_ym_rank'] = dftr.groupby(['assignee_id', 'created_date_ym'])['created_date_ym'].rank(pct=True)\ndftr['week_of_year_rank'] = dftr.groupby(['assignee_id', 'week_of_year'])['week_of_year'].rank(pct=True)","metadata":{"execution":{"iopub.status.busy":"2022-09-28T15:41:35.953217Z","iopub.execute_input":"2022-09-28T15:41:35.953898Z","iopub.status.idle":"2022-09-28T15:41:36.000274Z","shell.execute_reply.started":"2022-09-28T15:41:35.953859Z","shell.execute_reply":"2022-09-28T15:41:35.999144Z"},"trusted":true},"execution_count":20,"outputs":[]},{"cell_type":"code","source":"dfte['created_date_rank'] = dfte.groupby(['assignee_id', 'created_date'])['created_date'].rank(pct=True)\ndfte['created_date_ym_rank'] = dfte.groupby(['assignee_id', 'created_date_ym'])['created_date_ym'].rank(pct=True)\ndfte['week_of_year_rank'] = dfte.groupby(['assignee_id', 'week_of_year'])['week_of_year'].rank(pct=True)","metadata":{"execution":{"iopub.status.busy":"2022-09-28T15:41:36.001733Z","iopub.execute_input":"2022-09-28T15:41:36.002127Z","iopub.status.idle":"2022-09-28T15:41:36.021015Z","shell.execute_reply.started":"2022-09-28T15:41:36.002088Z","shell.execute_reply":"2022-09-28T15:41:36.019892Z"},"trusted":true},"execution_count":21,"outputs":[]},{"cell_type":"code","source":"assignee_info = dftr.groupby(by='project_id')['assignee_id'].agg('nunique').rename('project_cnt').to_frame().reset_index()\ndftr = dftr.merge(assignee_info, on=\"project_id\", how='left')\n\nassignee_info = dftr.groupby(by='project_id')['creator_id'].agg('nunique').rename('creator_cnt').to_frame().reset_index()\ndftr = dftr.merge(assignee_info, on=\"project_id\", how='left')\n\nassignee_info = dfte.groupby(by='project_id')['assignee_id'].agg('nunique').rename('project_cnt').to_frame().reset_index()\ndfte = dfte.merge(assignee_info, on=\"project_id\", how='left')\n\nassignee_info = dfte.groupby(by='project_id')['creator_id'].agg('nunique').rename('creator_cnt').to_frame().reset_index()\ndfte = dfte.merge(assignee_info, on=\"project_id\", how='left')","metadata":{"execution":{"iopub.status.busy":"2022-09-28T15:41:36.022579Z","iopub.execute_input":"2022-09-28T15:41:36.023020Z","iopub.status.idle":"2022-09-28T15:41:36.088784Z","shell.execute_reply.started":"2022-09-28T15:41:36.022981Z","shell.execute_reply":"2022-09-28T15:41:36.087741Z"},"trusted":true},"execution_count":22,"outputs":[]},{"cell_type":"code","source":"# dftr['is_equal'] = (dftr['assignee_id'] == dftr['creator_id']).astype('int8')","metadata":{"execution":{"iopub.status.busy":"2022-09-28T15:41:36.092523Z","iopub.execute_input":"2022-09-28T15:41:36.093208Z","iopub.status.idle":"2022-09-28T15:41:36.097776Z","shell.execute_reply.started":"2022-09-28T15:41:36.093167Z","shell.execute_reply":"2022-09-28T15:41:36.096622Z"},"trusted":true},"execution_count":23,"outputs":[]},{"cell_type":"code","source":"#dftr['comment_cnt'] = dftr['full_text'].apply(lambda x: len(x.split('<s>')))\ndftr['comment_len'] = dftr['full_text'].apply(lambda x: len(x.split('[COMMENT]')[-1]))\n# dftr['comment_len'] = dftr['full_text'].apply(lambda x: len(x.split()))\ndftr['full_text_len'] = dftr['full_text'].apply(lambda x: len(x.split()))\ndftr['unique_len'] = dftr['full_text'].apply(lambda x: len(np.unique(x.split())))\ndftr['text_len'] = dftr['text'].apply(lambda x: len(x.split()))\n\n\n#dftr['len_diff'] = dftr['text_len'] - dftr['comment_len']","metadata":{"execution":{"iopub.status.busy":"2022-09-28T15:41:36.099421Z","iopub.execute_input":"2022-09-28T15:41:36.100045Z","iopub.status.idle":"2022-09-28T15:41:36.635015Z","shell.execute_reply.started":"2022-09-28T15:41:36.100009Z","shell.execute_reply":"2022-09-28T15:41:36.633510Z"},"trusted":true},"execution_count":24,"outputs":[]},{"cell_type":"code","source":"# assignee_info = dftr.groupby(by=['project_id', 'assignee_id'])['comment_len'].agg('mean').rename('comment_mean').to_frame().reset_index()\n# dftr = dftr.merge(assignee_info, on=['project_id', 'assignee_id'], how='left')","metadata":{"execution":{"iopub.status.busy":"2022-09-28T15:41:36.638418Z","iopub.execute_input":"2022-09-28T15:41:36.639996Z","iopub.status.idle":"2022-09-28T15:41:36.646169Z","shell.execute_reply.started":"2022-09-28T15:41:36.639950Z","shell.execute_reply":"2022-09-28T15:41:36.644992Z"},"trusted":true},"execution_count":25,"outputs":[]},{"cell_type":"code","source":"#dfte['comment_cnt'] = dfte['full_text'].apply(lambda x: len(x.split('<s>')))\ndfte['comment_len'] = dfte['full_text'].apply(lambda x: len(x.split('[COMMENT]')[-1]))\n# dfte['comment_len'] = dfte['full_text'].apply(lambda x: len(x.split()))\ndfte['full_text_len'] = dfte['full_text'].apply(lambda x: len(x.split()))\ndfte['unique_len'] = dfte['full_text'].apply(lambda x: len(np.unique(x.split())))\ndfte['text_len'] = dfte['text'].apply(lambda x: len(x.split()))\n\n\n#dfte['len_diff'] = dfte['text_len'] - dfte['comment_len']","metadata":{"execution":{"iopub.status.busy":"2022-09-28T15:41:36.651137Z","iopub.execute_input":"2022-09-28T15:41:36.651460Z","iopub.status.idle":"2022-09-28T15:41:36.719440Z","shell.execute_reply.started":"2022-09-28T15:41:36.651434Z","shell.execute_reply":"2022-09-28T15:41:36.718366Z"},"trusted":true},"execution_count":26,"outputs":[]},{"cell_type":"code","source":"dftr[['project_lag', 'lag_1_tar', 'assignee_lag', 'created_date_ym_rank', 'created_date_rank', 'creator_cnt', 'comm_authors', 'active', 'salary_calculation_type', 'hiring_type', 'payment_type', 'english_level', 'comment_cnt','text_len', 'unique_len', 'lag_1', 'lag_2', 'lag_3', 'day_prj', 'month_prj', 'passport', 'is_nda_signed', 'is_labor_contract_signed', 'is_added_to_internal_chats', 'is_added_one_to_one', 'overall_worklogs']].corr()","metadata":{"execution":{"iopub.status.busy":"2022-09-28T15:41:36.723972Z","iopub.execute_input":"2022-09-28T15:41:36.727055Z","iopub.status.idle":"2022-09-28T15:41:36.833295Z","shell.execute_reply.started":"2022-09-28T15:41:36.727010Z","shell.execute_reply":"2022-09-28T15:41:36.831867Z"},"trusted":true},"execution_count":27,"outputs":[{"execution_count":27,"output_type":"execute_result","data":{"text/plain":"                            project_lag  lag_1_tar  assignee_lag  created_date_ym_rank  created_date_rank  creator_cnt  comm_authors    active  salary_calculation_type  hiring_type  payment_type  english_level  comment_cnt  text_len  unique_len     lag_1     lag_2     lag_3   day_prj  month_prj  passport  is_nda_signed  is_labor_contract_signed  is_added_to_internal_chats  is_added_one_to_one  overall_worklogs\nproject_lag                    1.000000  -0.003826      0.909281              0.449282           0.228738    -0.177594     -0.019303 -0.137584                 0.138304     0.055586      0.008936       0.000612    -0.019859 -0.023005   -0.034506  0.231393  0.297616  0.320928 -0.128886  -0.352825 -0.001856      -0.001856                 -0.071813                   -0.001856            -0.129291          0.072342\nlag_1_tar                     -0.003826   1.000000     -0.002045              0.007268           0.010471    -0.000608      0.002260  0.002100                 0.001317     0.000488     -0.000520       0.002916     0.061653  0.027685    0.026665  0.006185  0.010945  0.002255 -0.001874  -0.000712  0.001647       0.001647                  0.001915                    0.001647             0.001997          0.667601\nassignee_lag                   0.909281  -0.002045      1.000000              0.439532           0.193612    -0.198121     -0.011705 -0.151311                 0.152103     0.061131      0.009827       0.000673     0.005275  0.002474   -0.004655  0.211691  0.270616  0.285947 -0.092221  -0.264740 -0.002041      -0.002041                 -0.078978                   -0.002041            -0.142190          0.078591\ncreated_date_ym_rank           0.449282   0.007268      0.439532              1.000000           0.329527    -0.093778      0.032620 -0.107127                 0.127119     0.101867      0.050454       0.018235    -0.016727  0.008317    0.013999  0.360342  0.407633  0.402331 -0.176866  -0.357512  0.036213       0.036213                  0.012763                    0.036213            -0.004212          0.116900\ncreated_date_rank              0.228738   0.010471      0.193612              0.329527           1.000000     0.058019      0.003383 -0.116022                 0.045508     0.173069      0.061581       0.012132    -0.003592 -0.005709   -0.005996  0.143790  0.162745  0.171222 -0.559616  -0.413098  0.097329       0.097329                  0.068495                    0.097329             0.064174          0.076047\ncreator_cnt                   -0.177594  -0.000608     -0.198121             -0.093778           0.058019     1.000000     -0.285909 -0.090931                -0.149259     0.463391      0.382713       0.137263    -0.221791 -0.198797   -0.234738 -0.042016 -0.052855 -0.059407 -0.134048  -0.338975  0.316449       0.316449                  0.379775                    0.316449             0.366138         -0.060654\ncomm_authors                  -0.019303   0.002260     -0.011705              0.032620           0.003383    -0.285909      1.000000  0.020666                -0.052525    -0.147537     -0.125254      -0.008391     0.223996  0.378881    0.510416  0.024178  0.033727  0.036754  0.029736   0.139341 -0.142679      -0.142679                 -0.129424                   -0.142679            -0.117191          0.020937\nactive                        -0.137584   0.002100     -0.151311             -0.107127          -0.116022    -0.090931      0.020666  1.000000                 0.060714    -0.078762      0.051430       0.096135     0.062740  0.022902    0.015876 -0.028912 -0.040947 -0.047143  0.051137   0.210675  0.389889       0.389889                  0.346775                    0.389889             0.336523         -0.022273\nsalary_calculation_type        0.138304   0.001317      0.152103              0.127119           0.045508    -0.149259     -0.052525  0.060714                 1.000000     0.085893      0.056792      -0.033620     0.008749 -0.013798   -0.022807  0.029657  0.041161  0.050846 -0.032204  -0.121410  0.097075       0.097075                  0.105482                    0.097075             0.107664          0.066942\nhiring_type                    0.055586   0.000488      0.061131              0.101867           0.173069     0.463391     -0.147537 -0.078762                 0.085893     1.000000      0.792396       0.136005    -0.068397 -0.113962   -0.150763  0.014186  0.016543  0.016450 -0.165528  -0.504971  0.787958       0.787958                  0.814290                    0.787958             0.797784         -0.044492\npayment_type                   0.008936  -0.000520      0.009827              0.050454           0.061581     0.382713     -0.125254  0.051430                 0.056792     0.792396      1.000000       0.333614    -0.068222 -0.076100   -0.109499  0.006139  0.002659 -0.001859 -0.061586  -0.293004  0.697507       0.697507                  0.673777                    0.697507             0.668646         -0.045004\nenglish_level                  0.000612   0.002916      0.000673              0.018235           0.012132     0.137263     -0.008391  0.096135                -0.033620     0.136005      0.333614       1.000000    -0.036721  0.021385    0.024362  0.005892  0.000182 -0.003160  0.134252  -0.075281  0.153711       0.153711                  0.167022                    0.153711             0.169114         -0.007547\ncomment_cnt                   -0.019859   0.061653      0.005275             -0.016727          -0.003592    -0.221791      0.223996  0.062740                 0.008749    -0.068397     -0.068222      -0.036721     1.000000  0.616811    0.455771  0.024441  0.012659  0.016090  0.036337   0.117104 -0.038110      -0.038110                 -0.033054                   -0.038110            -0.032707          0.202923\ntext_len                      -0.023005   0.027685      0.002474              0.008317          -0.005709    -0.198797      0.378881  0.022902                -0.013798    -0.113962     -0.076100       0.021385     0.616811  1.000000    0.890537  0.010883  0.017826  0.017731  0.050201   0.128368 -0.098789      -0.098789                 -0.100908                   -0.098789            -0.097143          0.078097\nunique_len                    -0.034506   0.026665     -0.004655              0.013999          -0.005996    -0.234738      0.510416  0.015876                -0.022807    -0.150763     -0.109499       0.024362     0.455771  0.890537    1.000000  0.006791  0.017358  0.016342  0.057376   0.168962 -0.139030      -0.139030                 -0.140854                   -0.139030            -0.136190          0.075185\nlag_1                          0.231393   0.006185      0.211691              0.360342           0.143790    -0.042016      0.024178 -0.028912                 0.029657     0.014186      0.006139       0.005892     0.024441  0.010883    0.006791  1.000000  0.721528  0.609333 -0.072012  -0.108932  0.002061       0.002061                 -0.014631                    0.002061            -0.027958          0.034399\nlag_2                          0.297616   0.010945      0.270616              0.407633           0.162745    -0.052855      0.033727 -0.040947                 0.041161     0.016543      0.002659       0.000182     0.012659  0.017826    0.017358  0.721528  1.000000  0.833772 -0.091668  -0.142762 -0.000552      -0.000552                 -0.021373                   -0.000552            -0.038479          0.056032\nlag_3                          0.320928   0.002255      0.285947              0.402331           0.171222    -0.059407      0.036754 -0.047143                 0.050846     0.016450     -0.001859      -0.003160     0.016090  0.017731    0.016342  0.609333  0.833772  1.000000 -0.103358  -0.161422 -0.001188      -0.001188                 -0.025676                   -0.001188            -0.046095          0.061843\nday_prj                       -0.128886  -0.001874     -0.092221             -0.176866          -0.559616    -0.134048      0.029736  0.051137                -0.032204    -0.165528     -0.061586       0.134252     0.036337  0.050201    0.057376 -0.072012 -0.091668 -0.103358  1.000000   0.366944 -0.139483      -0.139483                 -0.124145                   -0.139483            -0.120076         -0.029644\nmonth_prj                     -0.352825  -0.000712     -0.264740             -0.357512          -0.413098    -0.338975      0.139341  0.210675                -0.121410    -0.504971     -0.293004      -0.075281     0.117104  0.128368    0.168962 -0.108932 -0.142762 -0.161422  0.366944   1.000000 -0.362354      -0.362354                 -0.301087                   -0.362354            -0.282395         -0.047239\npassport                      -0.001856   0.001647     -0.002041              0.036213           0.097329     0.316449     -0.142679  0.389889     